    3.5811361049754510e-03
    3.2230671676297458e-02
    8.9532125614518857e-02
    1.7549026460088876e-01
    2.9011224138376984e-01
    4.3340759805419055e-01
    6.0538827041813881e-01
    8.0606859347188853e-01
    1.0354653079848073e+00
    1.2935975681983995e+00
    1.5804869506491064e+00
    1.8961574641254428e+00
    2.2406355607700292e+00
    2.6139501483393519e+00
    3.0161326036348610e+00
    3.4472167871204813e+00
    3.9072390587434702e+00
    4.3962382949762020e+00
    4.9142559070982612e+00
    5.4613358607408076e+00
    6.0375246967142626e+00
    6.6428715531447189e+00
    7.2774281889441035e+00
    7.9412490086423935e+00
    8.6343910886102524e+00
    9.3569142047039158e+00
    1.0108880861365314e+01
    1.0890356322212115e+01
    1.1701408642155155e+01
    1.2542108701082414e+01
    1.3412530239150989e+01
    1.4312749893730725e+01
    1.5242847238046147e+01
    1.6202904821565184e+01
    1.7193008212186200e+01
    1.8213246040277809e+01
    1.9263710044628130e+01
    2.0344495120364709e+01
    2.1455699368907045e+01
    2.2597424150020245e+01
    2.3769774136038667e+01
    2.4972857368334669e+01
    2.6206785316110132e+01
    2.7471672937592526e+01
    2.8767638743722543e+01
    3.0094804864424248e+01
    3.1453297117553120e+01
    3.2843245080623895e+01
    3.4264782165423981e+01
    3.5718045695624006e+01
    3.7203176987505529e+01
    3.8720321433927936e+01
    4.0269628591667470e+01
    4.1851252272266514e+01
    4.3465350636538197e+01
    4.5112086292881656e+01
    4.6791626399569537e+01
    4.8504142771179453e+01
    5.0249811989351286e+01
    5.2028815518060803e+01
    5.3841339823613048e+01
    5.5687576499568202e+01
    5.7567722396827683e+01
    5.9481979759118595e+01
    6.1430556364130872e+01
    6.3413665670575057e+01
    6.5431526971445834e+01
    6.7484365553792230e+01
    6.9572412865314348e+01
    7.1695906688127025e+01
    7.3855091320048700e+01
    7.6050217763800433e+01
    7.8281543924520150e+01
    8.0549334816025720e+01
    8.2853862776286633e+01
    8.5195407692593690e+01
    8.7574257236950061e+01
    8.9990707112238795e+01
    9.2445061309760177e+01
    9.4937632378774111e+01
    9.7468741708720515e+01
    1.0003871982484432e+02
    1.0264790669799507e+02
    1.0529665206943078e+02
    1.0798531579151047e+02
    1.1071426818522555e+02
    1.1348389041559004e+02
    1.1629457488598030e+02
    1.1914672565260165e+02
    1.2204075886034404e+02
    1.2497710320138466e+02
    1.2795620039800392e+02
    1.3097850571119034e+02
    1.3404448847673839e+02
    1.3715463267067619e+02
    1.4030943750601548e+02
    1.4350941806296615e+02
    1.4675510595495402e+02
    1.5004705003295925e+02
    1.5338581713092461e+02
    1.5677199285520388e+02
    1.6020618242129768e+02
    1.6368901154139979e+02
    1.6722112736660432e+02
    1.7080319948797188e+02
    1.7443592100104249e+02
    1.7812000963882494e+02
    1.8185620897875535e+02
    1.8564528972967969e+02
    1.8948805110548244e+02
    1.9338532229267469e+02
    1.9733796401998808e+02
    2.0134687023885564e+02
    2.0541296992460306e+02
    2.0953722900922747e+02
    2.1372065245781911e+02
    2.1796428650203848e+02
    2.2226922104555806e+02
    2.2663659225811281e+02
    2.3106758537674673e+02
    2.3556343773506995e+02
    2.4012544204387558e+02
    2.4475494994937725e+02
    2.4945337589864505e+02
    2.5422220134566521e+02
    2.5906297933585512e+02
    2.6397733951197972e+02
    2.6896699359034972e+02
    2.7403374136306928e+02
    2.7917947729016538e+02
    2.8440619775486789e+02
    2.8971600906638304e+02
    2.9511113630761599e+02
    3.0059393314076766e+02
    3.0616689270219393e+02
    3.1183265973989950e+02
    3.1759404417347065e+02
    3.2345403628805781e+02
    3.2941582381258945e+02
    3.3548281117930213e+02
    3.4165864131917061e+02
    3.4794722041851355e+02
    3.5435274614975725e+02
    3.6087973999859213e+02
    3.6753308444704055e+02
    3.7431806594555013e+02
    3.8124042482860807e+02
    3.8830641361300218e+02
    3.9552286548714625e+02
    4.0289727528374823e+02
    4.1043789586864148e+02
    4.1815385373635195e+02
    4.2605528876563147e+02
    4.3415352468550867e+02
    4.4246127902903982e+02
    4.5099292450608198e+02
    4.5976481827404683e+02
    4.6879572227216619e+02
    4.7810734783329787e+02
    4.8772507326303730e+02
    4.9767890757950710e+02
    5.0800481365091349e+02
    5.1874657183188117e+02
    5.2995848519135916e+02
    5.4170945047762768e+02
    5.5408935929986455e+02
    5.6721972984055367e+02
    5.8127265218547609e+02
    5.9650788004496599e+02
    6.1335581387153979e+02
    6.3264593582150701e+02
    6.5653215570866291e+02
