    4.3359658228714482e-01
    3.9387869842718332e-01
    3.2499500174563345e-01
    2.4352862212715690e-01
    1.6567782060439620e-01
    1.0229663103040623e-01
    5.7298241361371828e-02
    2.9097953341031747e-02
    1.3388731896419002e-02
    5.5775294597343334e-03
    2.1018047527160519e-03
    7.1575517712518842e-04
    2.2002916552561644e-04
    6.0982776854878433e-05
    1.5217916251995091e-05
    3.4140716912074540e-06
    6.8745172633056000e-07
    1.2401549578630395e-07
    2.0003672480872227e-08
    2.8787028515907085e-09
    3.6872337944634176e-10
    4.1926287339482394e-11
    4.2199886852604688e-12
    3.7481203548809037e-13
    2.9275167207332281e-14
    2.0032175495701184e-15
    1.1958987375973968e-16
    6.2002283935860145e-18
    2.7775870580808276e-19
    1.0691417668325958e-20
    3.5139675630167780e-22
    9.7932402358126483e-24
    2.2962832674263321e-25
    4.4902317703683532e-27
    7.2497216680403408e-29
    9.5552206047490530e-31
    1.0147317082751424e-32
    8.5522714264388248e-35
    5.6201870084788769e-37
    2.8202206255298909e-39
    1.0539391235214986e-41
    2.8454345782459293e-44
    5.3450422617267475e-47
    6.6614450375797992e-50
    5.1779334006467129e-53
    2.3099259924396468e-56
    5.2606512959329268e-60
    5.1317650428498885e-64
    1.6074660467439810e-68
    9.3432268534912441e-74
    2.4969419868340548e-80
