    1.2036195285114378e-02
    1.0834272368881874e-01
    3.0104636401951762e-01
    5.9032875277301722e-01
    9.7646352420215166e-01
    1.4598177423449408e+00
    2.0408538385025312e+00
    2.7201320790980978e+00
    3.4983135961667022e+00
    4.3761640208279058e+00
    5.3545577691986566e+00
    6.4344830405734399e+00
    7.6170475996452902e+00
    8.9034854284466327e+00
    1.0295164350020990e+01
    1.1793594745177808e+01
    1.3400439506763034e+01
    1.5117525403616602e+01
    1.6946856059957963e+01
    1.8890626796841595e+01
    2.0951241632498864e+01
    2.3131332800354233e+01
    2.5433783220592467e+01
    2.7861752457749219e+01
    3.0418706818771597e+01
    3.3108454401266457e+01
    3.5935186101013443e+01
    3.8903523846141304e+01
    4.2018577663375460e+01
    4.5286013628727439e+01
    4.8712135352773494e+01
    5.2303982460047266e+01
    5.6069450632694625e+01
    6.0017439334961360e+01
    6.4158035523079775e+01
    6.8502744796021418e+01
    7.3064786069844729e+01
    7.7859472803628393e+01
    8.2904714487819632e+01
    8.8221688998798442e+01
    9.3835763993206754e+01
    9.9777792175580629e+01
    1.0608598765745187e+02
    1.1280874354826202e+02
    1.2000905235126763e+02
    1.2777183036418887e+02
    1.3621693672769538e+02
    1.4552459438268227e+02
    1.5599209951395480e+02
    1.6818944080656186e+02
    1.8358745591183742e+02
