    2.9029543936388177e-02
    2.6150430708215666e-01
    7.2773338834365398e-01
    1.4303150459330363e+00
    2.3732474728319017e+00
    3.5620583926357079e+00
    5.0039935628186747e+00
    6.7082806310126752e+00
    8.6864934825800209e+00
    1.0953055650413516e+01
    1.3525943011373350e+01
    1.6427682387916025e+01
    1.9686806658322940e+01
    2.3340045388239318e+01
    2.7435762818520221e+01
    3.2039647947988570e+01
    3.7244806615266029e+01
    4.3191409701011835e+01
    5.0110370364086812e+01
    5.8442711638286262e+01
    6.9319101991400871e+01
