    2.3851510602285136e-01
    2.3178353596350201e-01
    2.1888446511939938e-01
    2.0086806222804091e-01
    1.7912959111268889e-01
    1.5523160104154110e-01
    1.3072062701542070e-01
    1.0696780324066556e-01
    8.5054979336143158e-02
    6.5716710785269972e-02
    4.9336910237180842e-02
    3.5989658412611834e-02
    2.5508309704723654e-02
    1.7565935597926331e-02
    1.1752572459912730e-02
    7.6392717033107200e-03
    4.8240586781381628e-03
    2.9593610928565803e-03
    1.7635595905115321e-03
    1.0208691044419889e-03
    5.7400747639017153e-04
    3.1348105777199552e-04
    1.6627573901690620e-04
    8.5653815727207503e-05
    4.2848936330001117e-05
    2.0815314015376750e-05
    9.8185732384372427e-06
    4.4968459051541251e-06
    1.9995502904287141e-06
    8.6315866778628336e-07
    3.6170203686724563e-07
    1.4712282853243914e-07
    5.8082256084163059e-08
    2.2253862758710355e-08
    8.2742522899805758e-09
    2.9852115883279873e-09
    1.0449721584037967e-09
    3.5487583464472533e-10
    1.1690893861228091e-10
    3.7357229119378102e-11
    1.1577422188004876e-11
    3.4794654674120102e-12
    1.0139775012528128e-12
    2.8648995962400555e-13
    7.8470139495262464e-14
    2.0833413667285375e-14
    5.3607173503594789e-15
    1.3367053192034712e-15
    3.2295418215010862e-16
    7.5592567834276658e-17
    1.7139138241263862e-17
    3.7636354099328078e-18
    8.0033160849469338e-19
    1.6478193070062067e-19
    3.2844136578766892e-20
    6.3364247246551113e-21
    1.1830318324757351e-21
    2.1371737736792745e-22
    3.7350632944519662e-23
    6.3138196681365223e-24
    1.0321472185612235e-24
    1.6314108639827059e-25
    2.4927112405631253e-26
    3.6811190609298580e-27
    5.2528739716652855e-28
    7.2415380345100743e-29
    9.6424264505590945e-30
    1.2398407528634220e-30
    1.5391084910549037e-31
    1.8441373872364047e-32
    2.1322207116668310e-33
    2.3783574133982155e-34
    2.5586825091221605e-35
    2.6542092681258536e-36
    2.6540884547464421e-37
    2.5576187978531618e-38
    2.3744978327841543e-39
    2.1232207542219535e-40
    1.8279916866898985e-41
    1.5148636684022065e-42
    1.2079637415051723e-43
    9.2655681304131275e-45
    6.8340903570046916e-46
    4.8453857439603170e-47
    3.3011029459790422e-48
    2.1602917594895078e-49
    1.3574481319959944e-50
    8.1869393384633449e-52
    4.7373159171001531e-53
    2.6289074022839751e-54
    1.3985071336996059e-55
    7.1286810668306164e-57
    3.4802590615674523e-58
    1.6265542152863438e-59
    7.2739523782750431e-61
    3.1110075435643373e-62
    1.2718540265038721e-63
    4.9676250256210122e-65
    1.8526695028292734e-66
    6.5938521130151037e-68
    2.2383032567480747e-69
    7.2422749595558967e-71
    2.2322172763856688e-72
    6.5497244901531343e-74
    1.8282885449744600e-75
    4.8517838174213107e-77
    1.2231573816843302e-78
    2.9272879978376362e-80
    6.6453376952008625e-82
    1.4298520359786513e-83
    2.9135908368691023e-85
    5.6176772860508250e-87
    1.0239735517987088e-88
    1.7628779239908446e-90
    2.8637765106743369e-92
    4.3853508481709647e-94
    6.3236090898467036e-96
    8.5772754797516594e-98
    1.0931143488831002e-99
   1.3073766637819125e-101
   1.4656127688138261e-103
   1.5380188897970324e-105
   1.5088396227750789e-107
   1.3818197313798949e-109
   1.1796293052871319e-111
   9.3724597492935672e-114
   6.9194311745471842e-116
   4.7386586799176350e-118
   3.0049003559309905e-120
   1.7610627131762252e-122
   9.5197626986929672e-125
   4.7366680137992583e-127
   2.1644769248450085e-129
   9.0625057954885066e-132
   3.4680141471465403e-134
   1.2097819095206633e-136
   3.8362958956972316e-139
   1.1025623368908635e-141
   2.8628743434901772e-144
   6.6932647359313489e-147
   1.4038990721672967e-149
   2.6315276445811269e-152
   4.3897561924380040e-155
   6.4875370661714481e-158
   8.4531228706894577e-161
   9.6598212509453063e-164
   9.6262382156587491e-167
   8.3134251287846055e-170
   6.1800114447564766e-173
   3.9250884472313490e-176
   2.1125109096697137e-179
   9.5477290031516108e-183
   3.5873919017914589e-186
   1.1080304493420676e-189
   2.7780212589149452e-193
   5.5735955903325197e-197
   8.8044709483154913e-201
   1.0748739162218925e-204
   9.9254443627662761e-209
   6.7601779533454996e-213
   3.2966503739362722e-217
   1.1107913094338275e-221
   2.4764300121331685e-226
   3.4620942923991393e-231
   2.8354135017349034e-236
   1.2449117240460829e-241
   2.5995643578317439e-247
   2.1796006761928831e-253
   5.6863270442663364e-260
   3.0293609541867502e-267
   1.4693636184932096e-275
   8.1235380735411893e-286
