    2.3990190440511380e-01
    2.3305285783114107e-01
    2.1993524825608032e-01
    2.0162889510730525e-01
    1.7956637646340215e-01
    1.5534858426421769e-01
    1.3055522387318921e-01
    1.0658091514898707e-01
    8.4519195912953121e-02
    6.5104856890536883e-02
    4.8712885139566321e-02
    3.5402665979019851e-02
    2.4990667457375864e-02
    1.7133912110070596e-02
    1.1409271488951399e-02
    7.3784780139705824e-03
    4.6341151759434745e-03
    2.8264451426588608e-03
    1.6740537507539874e-03
    9.6279446747611673e-04
    5.3766555667915882e-04
    2.9152997283513982e-04
    1.5346993838343581e-04
    7.8434672919266670e-05
    3.8914537815498015e-05
    1.8741649666093765e-05
    8.7612851056004709e-06
    3.9752324995788766e-06
    1.7504970600791060e-06
    7.4805322733673544e-07
    3.1020066487631513e-07
    1.2481235959875824e-07
    4.8723819157816358e-08
    1.8452566617632808e-08
    6.7789975977268298e-09
    2.4156140269289804e-09
    8.3483700676057099e-10
    2.7979839862393212e-10
    9.0931422836835448e-11
    2.8652488887001950e-11
    8.7527232865954919e-12
    2.5918381384621764e-12
    7.4388565785668251e-13
    2.0691231874538394e-13
    5.5769271802092637e-14
    1.4563878119749889e-14
    3.6844768622507803e-15
    9.0288608962905184e-16
    2.1428327569964392e-16
    4.9247008818556895e-17
    1.0958319807959437e-17
    2.3605599362205934e-18
    4.9218181480382474e-19
    9.9313011771931301e-20
    1.9390339305766444e-20
    3.6626035893590876e-21
    6.6918190546606971e-22
    1.1824168711517677e-22
    2.0201769925843639e-23
    3.3367109739712519e-24
    5.3268912873693760e-25
    8.2180451078270724e-26
    1.2249366169553308e-26
    1.7636712054411219e-27
    2.4523729271553827e-28
    3.2924838545986133e-29
    4.2670697954457977e-30
    5.3370680977261805e-31
    6.4407697786877818e-32
    7.4976828328155344e-33
    8.4170487783643423e-34
    9.1100815782573720e-35
    9.5038005039008160e-36
    9.5535480283651613e-37
    9.2512570013679975e-38
    8.6273683048207670e-39
    7.7458083062487793e-40
    6.6931650730413691e-41
    5.5646064943592057e-42
    4.4497263571366255e-43
    3.4212261288971420e-44
    2.5283044333476526e-45
    1.7952344296851313e-46
    1.2243279581703187e-47
    8.0166892767501773e-49
    5.0378362993679507e-50
    3.0371816088164086e-51
    1.7558845139871361e-52
    9.7304955208143198e-54
    5.1665126808876637e-55
    2.6271655385298803e-56
    1.2787997854486795e-57
    5.9557204303529173e-59
    2.6525742957850190e-60
    1.1292246102041034e-61
    4.5924402416895849e-63
    1.7832840602967656e-64
    6.6079544886938975e-66
    2.3352351620898673e-67
    7.8659350545998385e-69
    2.5238090509887903e-70
    7.7085025955314465e-72
    2.2397639408789115e-73
    6.1866326398651231e-75
    1.6233672816636757e-76
    4.0436075721430341e-78
    9.5538546671478779e-80
    2.1394445853084005e-81
    4.5371033243794946e-83
    9.1041695955212525e-85
    1.7270326410334132e-86
    3.0942733498177379e-88
    5.2311621318691868e-90
    8.3365367930526352e-92
    1.2510364634707598e-93
    1.7659607993931455e-95
    2.3422270037353531e-97
    2.9154300667967246e-99
   3.4014839094117020e-101
   3.7150864070240272e-103
   3.7933357116014535e-105
   3.6158931890689804e-107
   3.2130173891779605e-109
   2.6573214670983297e-111
   2.0422364324804382e-113
   1.4559982580279298e-115
   9.6124185462552342e-118
   5.8654963056451343e-120
   3.3015397678785140e-122
   1.7106455676551489e-124
   8.1409708081389409e-127
   3.5501816928517264e-129
   1.4151703108305024e-131
   5.1429328159856210e-134
   1.6992066145431689e-136
   5.0889278823058587e-139
   1.3771390414885021e-141
   3.3560936457931051e-144
   7.3388151761684716e-147
   1.4344024893204801e-149
   2.4955229952463914e-152
   3.8472520834203665e-155
   5.2304146634936395e-158
   6.2379557714332241e-161
   6.4893085055863339e-164
   5.8521272289907257e-167
   4.5441030467776621e-170
   3.0156256819067249e-173
   1.6964924416778909e-176
   8.0176507353573244e-180
   3.1514017079156266e-183
   1.0187199702701118e-186
   2.6744576442911052e-190
   5.6217632508120809e-194
   9.3098193157088662e-198
   1.1923068602763328e-201
   1.1558376397121534e-205
   8.2714751802616810e-210
   4.2421128621419243e-214
   1.5048281148928719e-218
   3.5363268703471619e-223
   5.2185108327894654e-228
   4.5187712710071756e-233
   2.1018039073695721e-238
   4.6606436504023324e-244
   4.1622200160132327e-250
   1.1611899470819567e-256
   6.6519786559864069e-264
   3.4994091457162227e-272
   2.1335948217614609e-282
